LOCATION_LON=135.000000
LOCATION_LAT=35.000000
